4.750413290904237 267.6174027969557
5.521393252390897 318.4060547368974
5.560742006461208 275.49703845856584
5.223102383570168 267.87990570660423
3.9069400506379033 204.8589691000796
3.014712612577103 209.6721599070086
4.101240372222442 228.44737581464688
5.948254172785068 328.3636148581618
4.1599598108101254 187.36828136560163
3.996877474252211 184.84531460985403
4.525164765300715 245.39775306907728
5.336877551336511 315.76314734536214
3.862304130353894 224.65154380405366
3.361522760371655 183.1542571899707
2.891711269587073 215.973113311146
3.405921417630611 233.25764796655864
2.883699529363681 205.04436033811797
5.970562200850813 353.8632491638484
3.2483377347869506 181.97348371870956
5.107673960955228 289.2340027269998
4.896966298388155 277.55214828866343
3.4458287636618024 237.83950921737983
3.8329295869438917 219.6877070399907
5.178022553094943 342.9087496172608
3.8263843630055714 213.28384940929138
3.9460995970802246 233.76800849876776
2.542856946742514 168.7202669493384
3.0648570690935393 239.12245549531684
5.165146249727811 308.97532266946854
2.679224396016253 156.1161983424335
5.750165734536992 325.0514739887755
3.177907654385767 192.90500898286047
3.630100138858408 196.41277742436446
5.16755383105627 271.4462855964163
4.456700235176709 211.42506779099594
3.74671606275152 212.6723430626768
3.2581420056444648 243.14753462205647
3.2826036560931664 177.39953996569415
5.792009952688602 331.6978779521598
2.995743758196193 192.00544183501376
5.046926113602704 280.0077288056754
5.260623982315988 266.8857729893315
5.120986815883927 345.07611349553906
4.068690997522072 269.14673140499383
4.165014419838879 208.45251474023925
4.814410950226428 274.72807890613774
4.4779512069254785 167.2363858239517
5.814232580023572 335.5386631636808
5.705129658652722 374.47693026702143
5.03606015474253 286.42133244138006
4.695437388056932 282.6537953480853
5.339872515456849 270.7588565432975
3.8791552704745964 217.6681938056837
2.5642808323126336 257.8931960848818
3.030266769604891 194.59088515147246
3.4306120493679515 215.44507884611292
4.9329935938876845 281.14782120778546
3.5042216381862303 161.3573689945076
4.414880556006638 234.64807307262276
4.776665870608373 274.58725765360924
4.54656413524983 234.36289833049716
5.700558728290272 338.63470204002317
4.502517052725757 234.72532765569426
5.094905151522393 320.3741713780211
5.017917809541908 243.78514177475753
4.922838869103456 277.90361806665766
4.60537529595234 195.22588669651407
4.1893351358209365 192.06609937232827
5.002607219876944 256.68107243812705
5.315406479854587 340.7922017782092
3.9202997093165872 270.3675433390333
4.9351408996405235 313.039406659556
3.0198987810859528 174.09217257431945
5.816284093788276 269.3977339506997
5.6293583910290685 328.01092032970786
3.7471898917458777 272.53890305854634
5.671253829473909 381.8433830815174
5.031091932271597 264.590111198369
5.729258560665527 299.57695735306646
3.078302433317375 229.77405871775747
4.362846904391246 219.14843750545128
3.607480028317071 133.82183721572983
5.16202860753348 276.58319581946074
5.050497476874471 283.20150786545526
2.643627779012437 213.2507853258053
5.662052640310143 330.22977869275076
5.639509000351857 312.8835527643059
3.7036868799984095 212.64692136636742
4.2063423868309 233.72841524193248
3.794328536769073 211.1651786934488
4.242278365062123 221.71369541190973
5.879634788538435 364.07466209443555
3.885854455726553 166.14542110902437
4.765383534386756 249.36321645431818
3.9102250812078205 219.82639575373338
5.560886301160895 311.8673343112061
5.678964062478006 321.25712662536733
4.474787442204434 278.76403731106836
5.791003030177067 388.1847548931869
5.196260604808994 295.6150764018363
3.807974593017465 176.94165036492467
3.9206267779871156 174.8971292301969
3.7968701800017897 261.3559906922211
3.514445588155157 171.15578892242928
3.6792842241546957 256.54600396393255
3.3536723364446193 151.84725620915722
4.6362815796593795 274.797335178964
2.9075269836227524 189.11165550240878
4.1660015446274885 196.13585726990442
4.456359204834419 229.78054188503356
5.489585571751218 361.3004236226291
5.86805855096118 359.7533010632071
5.607626591057303 283.3824708194248
4.147160721102866 207.9841408436362
4.117087089596145 216.7234893687615
2.856549288762408 185.41717596151761
3.3990457307641915 246.72087067981073
2.5712242941850363 250.33738273398086
5.821934093749785 392.7112854295036
3.420063333157738 211.69512670667513
3.841201674606266 235.0540023443677
4.752594128736441 238.14482441690257
3.7982614518446933 226.3624732041385
4.613922900243463 305.09952061023466
4.442292797486602 213.80740217447612
4.947910912264308 278.5288820078959
5.200497035664414 291.4379017179152
3.476726006165075 176.17156484273622
5.061408169257602 270.60009744068515
3.8008801374906813 208.50174270057835
4.1411100905580795 220.62417464399053
3.785886273607887 195.39899334691967
3.8091168070121855 178.43205832289482
5.69330614104387 337.1852649507109
4.659385853097511 271.68160096341114
4.033273289203935 190.8130286854225
4.165889757251726 222.63307642580875
4.9512766006850635 268.4362825862957
3.6673831907934065 184.96206921500044
4.275234030432646 199.45336335188028
5.768450317404315 321.2161573395614
3.973832575614505 229.19992534714225
4.028328087279283 235.12401080864896
3.4667444934006637 233.21479343077132
3.658510126986147 177.4508675793826
5.925144263361416 360.623716938023
3.557688052667797 275.7173727329363
4.213110103473496 177.73509030341864
4.847128424206843 241.17585000549752
4.124249170324801 240.935436272117
4.875785239416074 250.87718618175452
3.614525215419544 235.64274808153465
3.456463493355148 156.3202052716752
5.289910143794853 271.67072590374823
5.191164127508074 288.5605368070893
3.1456750642852596 222.33698966286622
4.438751908280522 238.22221092384757
4.82606870071084 217.72414996962632
4.568655649167791 193.94022053531887
5.545618987601132 296.85233805045135
3.955995667644164 226.94440780444756
4.052724412814378 234.4691067851993
3.655285456100942 183.79578270670868
5.19758411716927 291.7661418082419
5.9489518205684995 395.80778335148585
4.534252178062598 258.50955595019377
3.667853639496694 197.44385617500365
4.652001618699046 257.49200223361044
3.0554435749392117 255.55159467064428
3.1509518504741214 251.04075769159235
3.362437295528641 215.2710952558186
5.020213315824504 236.8095164724958
5.25627954009589 326.88267928078915
5.277778314505663 291.16532849736785
5.118427036057964 226.10430796519358
2.793069545179899 234.96666308533725
5.914909687966279 355.2207965991955
5.307619556585464 301.743021701388
4.622292315168937 208.1584240136708
4.969004861544082 277.77170307821467
4.284907492531198 249.90046307563878
4.329395711112968 207.5210611606128
3.093994994146673 186.8958500137058
4.771201588386294 244.70790392415608
5.634394419687512 332.68790885554625
3.5412204177231477 207.0852319347178
5.502423289701897 319.120939045074
3.471858666914804 196.38151415181736
3.0232651308193006 151.60414023153575
2.9180284514303785 140.34022828538866
5.108312825556533 251.91237646987202
5.701372061259844 336.7451161446879
4.780936193155609 220.65138335022303
5.190375470773979 331.8856249022788
4.742222402211044 274.2014084785358
4.844689499838281 249.06379461634512
3.7367681607265903 225.91301652731582
5.751483490328461 300.8800399307376
4.636317317774735 232.60383565011975
3.5109248087224434 210.15679979477497
5.072655419149841 293.5408972272963
3.7942106301924445 217.82758244847315
3.9454540088840604 228.80594481689388
4.776294117295627 235.1358357799981
5.799073736796463 355.2551428058962
5.444356880458608 312.19502704646123
4.467923355074602 223.04034699015438
2.519908805464541 210.04205438689868
3.004306610600655 180.3607482690196
5.309589037147659 333.5576887160741
5.765106140835742 382.59819528060314
4.933361445555695 286.60753046586865
4.064789517467836 254.30743467208018
5.5287872900403485 285.2025174546216
5.450094470038746 312.6698230744046
4.870918115688315 264.13279832169894
4.457516829330068 231.51188622928123
5.403580917898735 274.11514461530993
4.4230212666133 219.5881674120565
3.8538559572485624 210.52041745270265
5.465848589029267 317.4910563682865
4.341297149526496 202.8041609851503
4.437980021613109 190.40128036915573
4.719311466660209 205.1495746173744
2.9244290113421103 200.9228815472497
2.831605606157895 145.78023807690153
3.7193475501628743 196.85844094728196
4.437048160815771 187.29652129601504
2.8406168570679076 218.58191907067683
3.1848399003574155 153.07953194251576
5.676428283824237 310.6689731915915
5.015557589077154 251.22242038926726
4.524370080828935 248.19788250796785
3.905998892924627 275.1256343372941
3.561615035800869 187.5836649804256
3.99574071422179 201.19388466532152
5.8089179644239985 345.0054288127781
4.33908231019204 203.6716473160734
4.8888061257947975 267.68201010737005
4.798887250436295 227.0131305789248
3.594913879221943 206.0372811988538
4.0772897412002305 237.9456634760511
5.730782944883668 368.70542208694707
2.555730499114966 235.3329738953691
4.312974970647861 263.4723287389887
4.521174500835322 234.1711247240201
4.338867920297198 256.94441300011806
4.85419853345504 291.3434798196852
5.536444447241414 315.6943698166622
5.060845640036192 221.47233057779735
3.0431964845959163 255.43196204601287
4.438202917114019 224.09108627116518
4.757131206603373 235.3427684576779
3.973596402127515 186.7814221143741
4.9467028414882455 248.9646945902486
5.960052850364606 319.0464083110732
4.071218159862146 185.79841078655315
3.4752296608017947 234.38322459725916
5.02723713689483 170.95742265324088
4.841409724679778 279.9887768255851
5.1364956335785585 286.1067166948375
4.969633745090427 265.2048893651187
4.516749816820862 181.3002013762225
4.893376586778381 280.91703050263476
3.643202733225615 204.7055351387236
3.51088060767362 182.70466980419525
4.142433880973201 229.9545814460218
4.81718724470205 244.2318591880469
4.179144872818752 209.60410296013362
3.4390817434350804 265.23655161585293
5.006505690501401 260.0265641690887
4.754199449905477 262.99929069071857
4.554088004765827 253.12175033092754
3.1942701296395297 207.9525190362113
4.697428640575895 248.63906755790774
5.297969253311553 246.8779790514157
4.117781220588807 188.46577327365475
3.492060504826995 184.93268214156222
3.798410249818474 270.73393484315613
5.742986620601621 321.0075438063992
4.686160599382489 306.8507465404079
3.4985688694193877 168.37206786160374
3.2593926968563207 224.19777550483352
4.954033177481588 254.85780471835153
3.6717307523413663 233.28865276037337
5.367751374969544 299.81528431418053
3.7943031235581826 226.81834570763726
5.806971570618493 296.34136614661026
5.1710193022564575 311.1153055991624
4.925127737815981 272.85254620345603
5.664492515052781 340.92754110543734
5.248515276393483 280.54493747370555
5.4060854903418845 305.7517747618021
4.396831633372772 257.17536397044694
4.860589788950774 219.93373491720251
5.009567923139744 306.49640014551244
4.669735445213267 259.7613033705535
2.6936571847361677 209.2864380322012
3.542682461860635 265.4542775949105
4.860278154409825 207.27097941641586
4.73595949879033 254.3012192437336
3.8858864528818104 213.51202274368092
5.668599344014834 357.0609655328262
3.9324011045983047 245.6972441057575
4.4945717365119 239.26204039847204
3.1980560548476107 207.9416372621157
3.717304675389049 152.58925377063684
4.110730355359062 230.243767045062
3.8288856257551886 203.97061309937624
5.08882404462521 240.70200880146916
5.89410779459024 397.87086811044196
5.901951292046097 334.74487684692195
5.3801411080137855 327.46928932205884
5.176776728365172 315.95799510895415
4.016012136327351 232.93532724766615
4.291736540262045 219.34215934377264
4.903565846007165 262.1213379953206
4.002413949953047 218.32261656893473
5.387062795275833 333.95745912307893
3.3050896992482293 199.4316891666765
4.913296566582968 297.5834153036391
5.6374562464273 344.0070240780844
3.9272111307043365 244.8895095014001
4.783891727155539 314.87876992785715
5.910279561961701 371.0119597646973
5.040125114259861 278.8628950250682
4.336045071730716 223.55688673587582
4.853929395163282 254.63462769932778
3.9823891220945047 184.24522846914735
4.182153623704493 218.31991249099218
3.3663874664312448 196.00227587306762
4.6468297814509585 197.61984564608454
3.9315471544765432 228.07284292930495
5.949272378574307 321.3164543652625
4.36591134052697 261.39117444662185
4.052075539801444 128.5132819959063
5.497847748088647 303.4265379868695
5.503741758101151 324.23135737494977
4.3793657262340435 215.94712093593176
4.558879011960723 266.8689655577014
3.3471496656195847 199.07782024924583
5.444023678830079 284.9325236387415
5.045800874193726 273.38877494117486
3.846334879258687 201.21275044740418
4.374290049578248 254.6129800746187
4.773637576366604 262.67958430138026
4.679519654347455 275.645533297543
2.4214312273389273 167.4170450678061
5.2950553916827365 279.78787323299457
4.3312726849995355 291.93458091055646
4.428755421011195 267.15498969757056
3.549084819783589 206.82975473485405
4.922495043774166 251.69395634713507
3.843876910659311 234.17995583562546
4.542897789451968 244.00786324628297
5.7459634389429155 279.6408878223241